*****Glass*****
1
[[[3.0, 1.0, 2.0, 1.0, 5.0, 1.0, 5.0, 1.0, 1.0, 2.0, 2.0, 2.0, 2.0, 2.0, 1.0, 3.0, 7.0, 1.0, 5.0, 2.0, 1.0, 1.0], [1.0, 1.0, 1.0, 1.0, 1.0, 1.0, 1.0, 2.0, 2.0, 2.0, 2.0, 2.0, 2.0, 2.0, 3.0, 3.0, 5.0, 5.0, 6.0, 7.0, 7.0, 7.0]], [[1.0, 2.0, 1.0, 2.0, 3.0, 2.0, 2.0, 3.0, 1.0, 2.0, 2.0, 2.0, 1.0, 2.0, 2.0, 1.0, 6.0, 1.0, 6.0, 1.0, 7.0, 7.0], [1.0, 1.0, 1.0, 1.0, 1.0, 1.0, 1.0, 2.0, 2.0, 2.0, 2.0, 2.0, 2.0, 2.0, 3.0, 3.0, 5.0, 5.0, 6.0, 7.0, 7.0, 7.0]], [[1.0, 1.0, 2.0, 2.0, 1.0, 1.0, 2.0, 1.0, 2.0, 2.0, 2.0, 1.0, 2.0, 2.0, 1.0, 6.0, 6.0, 2.0, 6.0, 7.0, 7.0, 6.0], [1.0, 1.0, 1.0, 1.0, 1.0, 1.0, 1.0, 2.0, 2.0, 2.0, 2.0, 2.0, 2.0, 2.0, 3.0, 3.0, 5.0, 5.0, 6.0, 7.0, 7.0, 7.0]], [[1.0, 2.0, 2.0, 3.0, 1.0, 1.0, 3.0, 1.0, 2.0, 2.0, 3.0, 2.0, 1.0, 2.0, 1.0, 3.0, 1.0, 3.0, 7.0, 7.0, 7.0], [1.0, 1.0, 1.0, 1.0, 1.0, 1.0, 1.0, 2.0, 2.0, 2.0, 2.0, 2.0, 2.0, 2.0, 3.0, 3.0, 5.0, 6.0, 7.0, 7.0, 7.0]], [[5.0, 1.0, 1.0, 5.0, 1.0, 3.0, 1.0, 5.0, 1.0, 2.0, 3.0, 1.0, 5.0, 1.0, 2.0, 1.0, 2.0, 1.0, 2.0, 6.0], [1.0, 1.0, 1.0, 1.0, 1.0, 1.0, 1.0, 2.0, 2.0, 2.0, 2.0, 2.0, 2.0, 2.0, 3.0, 3.0, 5.0, 6.0, 7.0, 7.0]], [[1.0, 3.0, 1.0, 1.0, 1.0, 5.0, 3.0, 6.0, 6.0, 1.0, 2.0, 2.0, 1.0, 2.0, 3.0, 5.0, 6.0, 7.0, 7.0], [1.0, 1.0, 1.0, 1.0, 1.0, 1.0, 2.0, 2.0, 2.0, 2.0, 2.0, 2.0, 2.0, 3.0, 3.0, 5.0, 6.0, 7.0, 7.0]], [[1.0, 1.0, 3.0, 1.0, 7.0, 2.0, 2.0, 1.0, 3.0, 1.0, 1.0, 2.0, 1.0, 1.0, 5.0, 2.0, 7.0, 7.0], [1.0, 1.0, 1.0, 1.0, 1.0, 1.0, 2.0, 2.0, 2.0, 2.0, 2.0, 2.0, 3.0, 3.0, 5.0, 6.0, 7.0, 7.0]], [[1.0, 1.0, 1.0, 1.0, 1.0, 1.0, 1.0, 6.0, 1.0, 1.0, 1.0, 1.0, 3.0, 5.0, 2.0, 2.0, 1.0], [1.0, 1.0, 1.0, 1.0, 1.0, 1.0, 2.0, 2.0, 2.0, 2.0, 2.0, 2.0, 3.0, 5.0, 6.0, 7.0, 7.0]], [[1.0, 1.0, 1.0, 1.0, 2.0, 1.0, 1.0, 3.0, 2.0, 2.0, 2.0, 2.0, 1.0, 7.0, 7.0, 7.0], [1.0, 1.0, 1.0, 1.0, 1.0, 1.0, 2.0, 2.0, 2.0, 2.0, 2.0, 2.0, 3.0, 5.0, 7.0, 7.0]], [[6.0, 1.0, 2.0, 2.0, 2.0, 2.0, 3.0, 1.0, 1.0, 2.0, 1.0, 1.0, 1.0, 2.0, 7.0, 7.0], [1.0, 1.0, 1.0, 1.0, 1.0, 1.0, 2.0, 2.0, 2.0, 2.0, 2.0, 2.0, 3.0, 5.0, 7.0, 7.0]]]

Average precision: 0.35333994708994715
Average recall: 0.4075396825396826

[0.33333333 0.71428571 0.5        0.         0.         0.
 0.28571429 0.44444444 0.         0.         0.5        1.
 0.57142857 0.55555556 0.         0.         0.25       1.
 0.42857143 0.66666667 0.2        0.         0.         1.
 0.44444444 0.25       0.         0.         0.         0.
 0.66666667 0.66666667 0.33333333 0.5        0.33333333 1.
 0.375      0.5        0.         1.         0.         0.66666667
 0.5        0.         1.         1.         0.         0.
 0.71428571 0.8        0.         0.         0.         0.66666667
 0.16666667 0.16666667 0.         0.         0.         1.        ] Precision [0.42857143 0.71428571 0.5        0.         0.         0.
 0.28571429 0.57142857 0.         0.         1.         0.66666667
 0.57142857 0.71428571 0.         0.         1.         0.66666667
 0.42857143 0.57142857 0.5        0.         0.         1.
 0.57142857 0.14285714 0.         0.         0.         0.
 0.66666667 0.28571429 0.5        1.         1.         1.
 0.5        0.33333333 0.         1.         0.         1.
 1.         0.         1.         1.         0.         0.
 0.83333333 0.66666667 0.         0.         0.         1.
 0.16666667 0.16666667 0.         0.         0.         1.        ] Recall Glass KNN Classification
(5, 0.25, -1)
[[[1.0, 1.0, 1.0, 1.0, 1.0, 1.0, 2.0, 2.0, 2.0, 2.0], [1.0, 1.0, 1.0, 1.0, 1.0, 1.0, 2.0, 2.0, 2.0, 2.0]], [[2.0, 1.0, 1.0, 1.0, 1.0, 2.0, 1.0, 2.0, 1.0, 2.0], [2.0, 1.0, 1.0, 1.0, 1.0, 2.0, 2.0, 2.0, 2.0, 2.0]], [[2.0, 6.0, 7.0, 1.0, 1.0, 1.0, 1.0, 1.0, 2.0, 2.0], [2.0, 6.0, 7.0, 1.0, 1.0, 1.0, 1.0, 1.0, 2.0, 2.0]], [[2.0, 5.0, 5.0, 6.0, 7.0, 7.0, 1.0, 1.0, 1.0, 1.0], [2.0, 5.0, 5.0, 6.0, 7.0, 7.0, 1.0, 1.0, 1.0, 1.0]], [[1.0, 1.0, 2.0, 5.0, 6.0, 7.0, 1.0, 1.0, 1.0, 1.0], [1.0, 1.0, 2.0, 5.0, 6.0, 7.0, 1.0, 1.0, 1.0, 1.0]], [[1.0, 1.0, 5.0, 1.0, 1.0, 1.0, 1.0, 1.0, 1.0, 5.0], [1.0, 1.0, 5.0, 1.0, 1.0, 1.0, 1.0, 1.0, 1.0, 5.0]], [[6.0, 7.0, 7.0, 1.0, 1.0, 1.0, 1.0, 1.0, 2.0, 5.0], [6.0, 7.0, 7.0, 1.0, 1.0, 1.0, 1.0, 1.0, 2.0, 5.0]], [[6.0, 7.0, 7.0, 1.0, 1.0, 1.0, 1.0, 1.0, 1.0, 5.0], [6.0, 7.0, 7.0, 1.0, 1.0, 1.0, 1.0, 1.0, 1.0, 5.0]], [[6.0, 1.0, 1.0, 1.0, 1.0, 1.0, 2.0, 2.0, 2.0], [6.0, 1.0, 1.0, 1.0, 1.0, 1.0, 2.0, 2.0, 2.0]], [[7.0, 7.0, 1.0, 1.0, 1.0, 1.0, 2.0, 7.0, 7.0], [7.0, 7.0, 1.0, 1.0, 1.0, 1.0, 2.0, 7.0, 7.0]]]

Average Precision: 0.5777777777777777
Average Recall: 0.5777777777777777

[1.         1.         0.         0.         0.         0.
 0.66666667 1.         0.         0.         0.         0.
 1.         1.         0.         0.         1.         1.
 1.         1.         0.         1.         1.         1.
 1.         1.         0.         1.         1.         1.
 1.         0.         0.         1.         0.         0.
 1.         1.         0.         1.         1.         1.
 1.         0.         0.         1.         1.         1.
 1.         1.         0.         0.         1.         0.
 1.         1.         0.         0.         0.         1.        ] Precision:  [1.         1.         0.         0.         0.         0.
 1.         0.66666667 0.         0.         0.         0.
 1.         1.         0.         0.         1.         1.
 1.         1.         0.         1.         1.         1.
 1.         1.         0.         1.         1.         1.
 1.         0.         0.         1.         0.         0.
 1.         1.         0.         1.         1.         1.
 1.         0.         0.         1.         1.         1.
 1.         1.         0.         0.         1.         0.
 1.         1.         0.         0.         0.         1.        ] Recall:  Glass KNN Classification - Edited-KNN Reduced
98

Average Precision: 0.495
Average Recall 0.5

[0.9 0.  1.  0.  1.  0.  1.  0.  1.  0.  1.  0.  1.  0.  1.  0.  1.  0.
 1.  0. ] Precison [1. 0. 1. 0. 1. 0. 1. 0. 1. 0. 1. 0. 1. 0. 1. 0. 1. 0. 1. 0.] Recall Glass KNN Classification - KMeans Clusteriod