*****Machine*****
(1, 10)
[[[18.0, 20.0, 23.0, 24.0, 30.000000000000004, 28.0, 31.0, 43.0, 43.0, 46.0, 55.99999999999999, 62.0, 76.0, 88.0, 119.99999999999999, 126.0, 181.0, 361.0], [15, 20, 22, 24, 27, 29, 33, 36, 42, 46, 53, 67, 76, 88, 117, 149, 227, 350]], [[14.999999999999998, 21.0, 23.0, 24.0, 28.0, 28.0, 25.0, 38.0, 41.0, 34.0, 57.0, 56.99999999999999, 86.00000000000001, 88.0, 95.0, 136.0, 220.0, 341.0], [15, 20, 22, 24, 27, 29, 33, 36, 42, 47, 53, 67, 78, 88, 117, 151, 253, 360]], [[18.0, 23.0, 23.0, 24.0, 28.0, 33.0, 34.0, 46.0, 37.0, 80.0, 47.0, 48.0, 80.0, 85.99999999999999, 117.0, 113.0, 275.0, 350.0], [17, 20, 23, 24, 28, 29, 34, 37, 43, 47, 54, 70, 80, 95, 120, 157, 253, 361]], [[19.0, 20.0, 23.0, 25.0, 30.999999999999996, 25.0, 34.0, 37.0, 44.0, 46.00000000000001, 52.99999999999999, 64.0, 47.0, 82.0, 45.0, 181.0, 253.0, 361.0], [18, 20, 23, 25, 28, 30, 34, 37, 44, 47, 56, 72, 80, 99, 124, 175, 253, 381]], [[17.0, 20.0, 20.0, 30.0, 28.0, 31.000000000000004, 34.0, 36.0, 44.0, 41.0, 41.0, 64.0, 74.0, 82.0, 113.0, 180.99999999999997, 275.0, 361.0], [18, 20, 23, 25, 28, 30, 34, 38, 44, 47, 57, 73, 80, 101, 126, 181, 266, 381]], [[18.0, 20.0, 23.0, 26.0, 28.0, 28.0, 34.0, 45.0, 44.0, 44.0, 65.0, 74.0, 67.0, 102.0, 132.0, 175.0, 270.0, 381.0], [18, 20, 23, 25, 28, 30, 34, 39, 44, 48, 59, 74, 81, 102, 128, 181, 267, 426]], [[17.0, 21.0, 25.0, 24.0, 29.0, 31.0, 34.0, 44.0, 47.0, 53.0, 67.0, 65.0, 82.0, 102.0, 128.0, 175.0, 267.0, 426.0], [18, 21, 23, 25, 28, 31, 34, 41, 45, 50, 62, 74, 82, 102, 132, 182, 270, 603]], [[19.0, 22.0, 25.0, 23.0, 30.0, 31.0, 34.0, 46.0, 39.0, 46.0, 73.0, 74.0, 82.0, 82.0, 138.0, 120.0, 266.0, 919.0], [19, 21, 24, 25, 28, 31, 34, 41, 45, 50, 64, 74, 82, 107, 136, 190, 275, 749]], [[19.0, 21.0, 24.0, 28.0, 27.0, 33.0, 39.0, 47.0, 47.0, 53.0, 64.0, 70.0, 99.0, 106.99999999999999, 136.0, 28.0, 151.0, 749.0], [19, 21, 24, 26, 28, 31, 35, 41, 46, 53, 64, 75, 82, 113, 138, 199, 281, 919]], [[21.0, 21.0, 24.0, 25.0, 26.0, 29.0, 28.0, 46.0, 46.0, 53.0, 59.00000000000001, 76.0, 95.0, 126.0, 128.0, 253.0, 227.0, 0], [19, 21, 24, 26, 28, 32, 35, 41, 46, 53, 65, 76, 86, 113, 142, 220, 341, 1238]]]

Average Mean Absolute Error: 18.261111111111113
Average Relative Absolute Error: 0.21587899661890564

[ 6.05555556  7.72222222  9.66666667  9.77777778  6.11111111  5.05555556
 12.11111111 17.         28.72222222 80.38888889] Mean Absolute Error [0.10818262 0.13084405 0.16064834 0.14301192 0.08861439 0.07181691
 0.15921448 0.15893352 0.28828996 0.84923378] Relative Absolute Error Machine KNN Regression
(5, 10, 0.25)
[[[20.000005339755102, 24.0, 76.0, 24.0, 22.994303656041247], [20, 24, 76, 24, 23]], [[24.000000000000004, 34.0, 80.0, 20.00000000063177], [24, 34, 80, 20]], [[23.00000000003199, 34.0, 47.00000000000001, 80.0], [23, 34, 47, 80]], [[20.000391044439997, 22.998205771583525, 28.0, 33.99999999999999], [20, 23, 28, 34]], [[47.00000000000001, 180.99999999999997, 20.000273171003542, 23.00000000000816], [47, 181, 20, 23]], [[28.0, 34.0, 101.99999999989949, 180.99999999999997], [28, 34, 102, 181]], [[20.99999999998882, 31.0, 34.00000000000001, 101.99999999998761], [21, 31, 34, 102]], [[19.0, 24.0, 31.0, 34.0], [19, 24, 31, 34]], [[64.00000000018996, 19.0, 21.000000016414248, 24.000000000000004], [64, 19, 21, 24]], [[64.0, 21.000000000005542, 24.0, 76.0], [64, 21, 24, 76]]]

Average Mean Absolute Error: 0.00017549520592352152
Average Relative Absolute Error: 1.8312889098427575e-05

[1.14033674e-03 1.57942992e-10 7.99893485e-12 5.46318214e-04
 6.82927529e-05 2.51354493e-11 5.89484017e-12 0.00000000e+00
 4.15105195e-09 1.38555833e-12] Mean Absolute Error [6.69167006e-05 7.79965393e-12 4.57081991e-13 1.15005867e-04
 1.20605449e-06 4.54940258e-13 2.14357824e-13 0.00000000e+00
 2.59440747e-10 5.83392983e-14] Relative Absolute Error Machine KNN Regression - Edited-KNN Reduced
41

Average Mean Absolute Error: 0.0
Average Relative Absolute Error: 0.0

[0. 0. 0. 0. 0. 0. 0. 0. 0. 0.] Mean Absolute Error [0 0 0 0 0 0 0 0 0 0] Relative Absolute Error Machine KNN Regression - KMeans Clusteriod