*****Soybean*****
1
[[[0, 1, 2, 3, 3], [0, 1, 2, 3, 3]], [[0, 1, 2, 3, 3], [0, 1, 2, 3, 3]], [[0, 1, 2, 3, 3], [0, 1, 2, 3, 3]], [[0, 1, 2, 3, 3], [0, 1, 2, 3, 3]], [[0, 1, 2, 3, 3], [0, 1, 2, 3, 3]], [[0, 1, 2, 3], [0, 1, 2, 3]], [[0, 1, 2, 3], [0, 1, 2, 3]], [[0, 1, 2, 3], [0, 1, 2, 3]], [[0, 1, 3], [0, 1, 3]], [[0, 3], [0, 3]]]

Average precision: 0.925
Average recall: 0.925

[1. 1. 1. 1. 1. 1. 1. 1. 1. 1. 1. 1. 1. 1. 1. 1. 1. 1. 1. 1. 1. 1. 1. 1.
 1. 1. 1. 1. 1. 1. 1. 1. 1. 1. 0. 1. 1. 0. 0. 1.] Precision [1. 1. 1. 1. 1. 1. 1. 1. 1. 1. 1. 1. 1. 1. 1. 1. 1. 1. 1. 1. 1. 1. 1. 1.
 1. 1. 1. 1. 1. 1. 1. 1. 1. 1. 0. 1. 1. 0. 0. 1.] Recall Soybean KNN Classification
(1, 0.25, -1)
[[[0, 1, 2, 3, 3], [0, 1, 2, 3, 3]], [[0, 1, 2, 3, 3], [0, 1, 2, 3, 3]], [[0, 1, 2, 3], [0, 1, 2, 3]], [[3, 0, 1, 2], [3, 0, 1, 2]], [[3, 3, 0, 1], [3, 3, 0, 1]], [[2, 3, 3, 0], [2, 3, 3, 0]], [[1, 2, 3, 0], [1, 2, 3, 0]], [[1, 2, 3, 0], [1, 2, 3, 0]], [[1, 2, 3, 0], [1, 2, 3, 0]], [[1, 3, 0, 3], [1, 3, 0, 3]]]

Average Precision: 0.925
Average Recall: 0.925

[1. 1. 1. 1. 1. 1. 1. 1. 1. 1. 1. 1. 1. 1. 1. 1. 1. 1. 0. 1. 1. 0. 1. 1.
 1. 1. 1. 1. 1. 1. 1. 1. 1. 1. 1. 1. 1. 1. 0. 1.] Precision:  [1. 1. 1. 1. 1. 1. 1. 1. 1. 1. 1. 1. 1. 1. 1. 1. 1. 1. 0. 1. 1. 0. 1. 1.
 1. 1. 1. 1. 1. 1. 1. 1. 1. 1. 1. 1. 1. 1. 0. 1.] Recall:  Soybean KNN Classification - Edited-KNN reduced
42

Average Precision: 0.49000000000000005
Average Recall0.5

[0.8 0.  1.  0.  1.  0.  1.  0.  1.  0.  1.  0.  1.  0.  1.  0.  1.  0.
 1.  0. ] Precison [1. 0. 1. 0. 1. 0. 1. 0. 1. 0. 1. 0. 1. 0. 1. 0. 1. 0. 1. 0.] Recall Soybean KNN Classification - KMeans Clusteriod